812
300 25
270 610
73 219
6 640
430 689
266 540
307 551
126 123
97 99
8 207
619 690
169 794
19 20
36 560
623 372
169 92
291 227
25 77
177 455
349 332
427 106
144 363
19 38
304 431
332 314
347 196
526 597
250 501
318 220
252 221
326 173
652 681
373 509
771 161
525 529
693 21
204 137
124 579
90 100
434 378
344 648
126 256
17 10
237 181
292 271
34 257
164 205
673 510
718 736
387 403
232 679
47 34
160 65
754 252
210 139
145 199
429 379
56 81
423 120
36 577
788 348
326 476
270 325
127 156
47 707
741 496
674 565
163 245
161 128
758 613
423 580
42 19
709 256
182 124
465 346
197 279
68 273
4 21
612 793
669 27
1 477
142 67
166 281
165 19
522 238
676 130
22 512
393 15
26 187
555 321
346 191
222 58
472 443
261 15
288 225
341 113
43 22
45 190
399 108
30 59
695 777
132 59
2 140
527 146
376 125
419 284
413 593
358 34
58 594
59 98
87 6
14 4
44 213
4 32
21 69
12 157
471 469
574 230
585 56
117 528
282 446
268 694
576 24
139 82
672 107
14 37
345 728
568 96
52 163
544 608
89 55
137 554
317 748
256 719
232 578
159 72
524 809
724 70
153 43
702 304
19 22
652 325
43 227
115 171
338 625
402 271
744 507
290 365
222 359
666 168
116 458
333 143
303 245
526 413
409 376
93 84
179 98
205 394
6 7
41 92
124 49
156 198
462 487
220 57
77 795
451 550
178 42
602 308
370 103
440 450
772 280
135 65
432 618
345 808
690 799
409 542
567 375
8 44
757 397
229 175
755 120
70 177
79 115
533 523
619 38
121 737
549 518
10 7
348 194
10 18
159 251
127 104
310 305
136 124
154 671
452 76
219 328
134 266
589 428
250 230
244 479
725 69
57 53
214 515
457 421
180 1
60 8
233 28
425 291
781 41
154 153
686 562
97 489
19 23
765 244
327 149
401 25
440 654
168 340
158 235
185 723
740 801
298 543
743 609
396 591
499 668
646 232
456 249
74 66
29 699
407 718
298 219
519 462
176 561
465 647
146 29
773 156
312 368
584 557
239 299
148 428
491 460
396 721
75 31
798 602
191 36
81 720
77 603
122 120
3 29
37 145
200 243
74 79
119 78
774 753
575 559
802 731
107 445
511 539
611 310
108 74
141 438
158 377
696 505
49 114
302 123
144 680
750 686
138 240
510 441
4 1
60 61
713 352
15 378
660 691
366 18
650 488
493 39
459 391
485 391
196 324
498 486
130 688
363 626
353 616
629 279
26 665
344 727
747 287
249 72
784 318
1 152
682 220
186 212
745 281
535 222
415 321
262 2
244 122
3 454
267 160
702 749
804 448
133 41
290 569
27 225
581 137
121 125
104 484
427 432
380 83
782 660
277 170
474 352
637 451
660 370
70 631
286 439
372 271
599 363
247 185
606 371
114 430
416 142
605 99
466 333
497 385
191 285
735 428
751 431
330 228
16 33
516 362
48 32
109 64
400 65
260 214
168 32
183 231
746 109
5 26
191 344
175 165
620 577
13 97
385 29
496 357
643 101
753 735
107 77
36 740
71 19
807 637
338 473
92 131
638 616
49 11
12 25
573 21
361 209
253 40
256 490
215 45
53 83
562 431
434 613
480 224
136 391
679 716
235 742
62 63
264 203
411 264
617 229
659 706
2 1
304 362
185 135
86 13
661 194
521 651
463 457
384 312
338 132
20 129
357 211
12 27
322 227
219 413
410 318
360 278
785 109
483 797
67 33
584 662
176 305
762 500
752 722
374 87
506 770
779 559
715 330
202 159
105 31
481 64
147 26
63 667
369 140
1 3
231 290
664 261
42 297
27 31
221 12
118 78
49 503
218 37
150 792
632 251
385 390
436 225
24 30
435 295
121 106
36 9
238 198
67 280
601 432
553 264
86 268
443 469
84 134
462 246
4 68
21 206
100 284
613 766
317 216
254 812
268 621
94 20
622 73
112 663
167 316
352 210
256 271
644 608
195 65
383 304
704 261
726 428
234 449
58 9
9 173
287 130
96 7
197 492
705 657
424 712
56 14
582 404
354 255
339 500
789 200
169 296
684 524
66 39
670 403
5 76
224 692
780 685
482 281
14 19
103 188
141 226
676 783
633 61
34 41
433 175
272 84
336 536
72 57
113 453
51 25
11 1
16 10
336 131
468 455
382 734
537 147
10 84
90 68
175 176
505 233
301 306
518 764
70 29
52 26
269 286
530 340
30 239
558 233
321 294
658 244
155 78
305 351
518 124
285 703
196 105
379 508
217 775
467 127
27 103
195 791
62 20
65 95
475 177
525 199
552 311
396 135
164 103
117 236
307 279
634 477
151 406
373 91
62 88
733 61
75 246
557 398
62 532
11 39
649 524
335 570
293 173
17 559
183 614
144 136
426 92
50 405
63 162
531 656
506 39
19 45
596 565
517 446
35 33
564 222
514 381
29 40
12 657
200 408
290 312
214 259
136 314
117 27
208 166
418 304
457 598
223 175
714 615
810 473
80 46
698 579
222 343
563 140
769 602
571 106
3 13
426 595
22 345
572 635
337 495
141 120
371 447
185 811
158 8
486 272
82 25
800 458
544 81
763 672
682 685
98 184
29 85
42 197
248 226
15 11
22 683
211 78
524 193
235 323
65 137
90 110
246 392
478 126
768 355
627 352
165 778
294 138
113 56
349 448
421 488
739 275
48 711
255 520
308 208
404 361
803 203
51 604
12 120
228 212
787 613
189 90
434 546
149 145
22 34
353 133
19 91
225 730
114 138
586 429
148 26
105 172
639 318
375 443
150 18
192 36
55 143
66 166
659 471
288 628
335 271
391 531
675 309
258 125
806 418
354 708
24 6
101 587
46 26
510 760
470 312
729 83
397 99
538 276
331 309
73 22
776 217
513 59
25 53
142 738
552 615
329 194
786 732
289 204
523 412
146 375
624 234
63 395
143 301
583 63
194 34
163 183
461 87
68 437
548 468
92 274
149 278
114 282
11 64
108 350
443 499
365 547
174 110
201 7
217 71
191 255
49 55
340 541
78 21
382 283
9 7
186 76
440 197
94 398
28 54
254 73
79 193
70 387
331 502
241 276
687 676
533 545
457 572
3 8
31 339
710 431
356 135
722 192
607 121
441 154
398 422
35 367
504 190
385 494
379 339
697 120
767 721
507 215
275 283
147 630
56 304
66 265
321 655
436 612
234 386
106 105
232 534
13 28
451 190
8 214
151 93
131 167
118 337
111 86
49 460
98 315
109 701
263 270
6 3
12 6
52 263
320 262
642 645
98 224
291 412
91 101
414 366
759 416
104 123
45 65
796 640
181 269
65 234
389 342
381 182
444 287
107 388
371 116
218 275
600 404
424 85
421 333
641 138
8 50
649 678
245 761
120 592
483 297
86 170
117 319
565 36
213 232
242 130
